(kicad_pcb (version 20171130) (host pcbnew "(5.1.9)-1")

  (general
    (thickness 1.6)
    (drawings 5)
    (tracks 198)
    (zones 0)
    (modules 29)
    (nets 29)
  )

  (page A4)
  (title_block
    (title BARRA_a_LED_PRATI_LAZZARI)
    (date 2021-05-19)
    (company "3^A EN PRATI-LAZZARI")
  )

  (layers
    (0 F.Cu signal)
    (31 B.Cu signal)
    (32 B.Adhes user)
    (33 F.Adhes user)
    (34 B.Paste user)
    (35 F.Paste user)
    (36 B.SilkS user)
    (37 F.SilkS user)
    (38 B.Mask user)
    (39 F.Mask user)
    (40 Dwgs.User user)
    (41 Cmts.User user)
    (42 Eco1.User user)
    (43 Eco2.User user)
    (44 Edge.Cuts user)
    (45 Margin user)
    (46 B.CrtYd user)
    (47 F.CrtYd user)
    (48 B.Fab user)
    (49 F.Fab user)
  )

  (setup
    (last_trace_width 1)
    (trace_clearance 0.5)
    (zone_clearance 0.508)
    (zone_45_only no)
    (trace_min 0.2)
    (via_size 2)
    (via_drill 0.8)
    (via_min_size 0.4)
    (via_min_drill 0.3)
    (uvia_size 0.3)
    (uvia_drill 0.1)
    (uvias_allowed no)
    (uvia_min_size 0.2)
    (uvia_min_drill 0.1)
    (edge_width 0.05)
    (segment_width 0.2)
    (pcb_text_width 0.3)
    (pcb_text_size 1.5 1.5)
    (mod_edge_width 0.12)
    (mod_text_size 1 1)
    (mod_text_width 0.15)
    (pad_size 1.8 2.6)
    (pad_drill 0.9)
    (pad_to_mask_clearance 0)
    (aux_axis_origin 0 0)
    (visible_elements 7FFFFFFF)
    (pcbplotparams
      (layerselection 0x010fc_ffffffff)
      (usegerberextensions false)
      (usegerberattributes true)
      (usegerberadvancedattributes true)
      (creategerberjobfile true)
      (excludeedgelayer true)
      (linewidth 0.100000)
      (plotframeref false)
      (viasonmask false)
      (mode 1)
      (useauxorigin false)
      (hpglpennumber 1)
      (hpglpenspeed 20)
      (hpglpendiameter 15.000000)
      (psnegative false)
      (psa4output false)
      (plotreference true)
      (plotvalue true)
      (plotinvisibletext false)
      (padsonsilk false)
      (subtractmaskfromsilk false)
      (outputformat 1)
      (mirror false)
      (drillshape 1)
      (scaleselection 1)
      (outputdirectory ""))
  )

  (net 0 "")
  (net 1 "Net-(C1-Pad1)")
  (net 2 GND)
  (net 3 "Net-(C2-Pad1)")
  (net 4 "Net-(D1-Pad2)")
  (net 5 "Net-(D2-Pad2)")
  (net 6 "Net-(D3-Pad2)")
  (net 7 "Net-(D4-Pad2)")
  (net 8 "Net-(D5-Pad2)")
  (net 9 "Net-(D6-Pad2)")
  (net 10 "Net-(D7-Pad2)")
  (net 11 "Net-(D8-Pad2)")
  (net 12 "Net-(D9-Pad2)")
  (net 13 "Net-(D10-Pad2)")
  (net 14 "Net-(D11-Pad2)")
  (net 15 VCC)
  (net 16 "Net-(R1-Pad2)")
  (net 17 "Net-(R3-Pad2)")
  (net 18 "Net-(R4-Pad1)")
  (net 19 "Net-(R5-Pad1)")
  (net 20 "Net-(R6-Pad1)")
  (net 21 "Net-(R7-Pad1)")
  (net 22 "Net-(R8-Pad1)")
  (net 23 "Net-(R9-Pad1)")
  (net 24 "Net-(R10-Pad1)")
  (net 25 "Net-(R11-Pad1)")
  (net 26 "Net-(R12-Pad1)")
  (net 27 "Net-(R13-Pad1)")
  (net 28 "Net-(U2-Pad12)")

  (net_class Default "This is the default net class."
    (clearance 0.5)
    (trace_width 1)
    (via_dia 2)
    (via_drill 0.8)
    (uvia_dia 0.3)
    (uvia_drill 0.1)
    (add_net GND)
    (add_net "Net-(C1-Pad1)")
    (add_net "Net-(C2-Pad1)")
    (add_net "Net-(D1-Pad2)")
    (add_net "Net-(D10-Pad2)")
    (add_net "Net-(D11-Pad2)")
    (add_net "Net-(D2-Pad2)")
    (add_net "Net-(D3-Pad2)")
    (add_net "Net-(D4-Pad2)")
    (add_net "Net-(D5-Pad2)")
    (add_net "Net-(D6-Pad2)")
    (add_net "Net-(D7-Pad2)")
    (add_net "Net-(D8-Pad2)")
    (add_net "Net-(D9-Pad2)")
    (add_net "Net-(R1-Pad2)")
    (add_net "Net-(R10-Pad1)")
    (add_net "Net-(R11-Pad1)")
    (add_net "Net-(R12-Pad1)")
    (add_net "Net-(R13-Pad1)")
    (add_net "Net-(R3-Pad2)")
    (add_net "Net-(R4-Pad1)")
    (add_net "Net-(R5-Pad1)")
    (add_net "Net-(R6-Pad1)")
    (add_net "Net-(R7-Pad1)")
    (add_net "Net-(R8-Pad1)")
    (add_net "Net-(R9-Pad1)")
    (add_net "Net-(U2-Pad12)")
    (add_net VCC)
  )

  (module Resistor_THT:R_Axial_DIN0309_L9.0mm_D3.2mm_P12.70mm_Horizontal (layer F.Cu) (tedit 60A50C13) (tstamp 60A55E1B)
    (at 159.004 81.534)
    (descr "Resistor, Axial_DIN0309 series, Axial, Horizontal, pin pitch=12.7mm, 0.5W = 1/2W, length*diameter=9*3.2mm^2, http://cdn-reichelt.de/documents/datenblatt/B400/1_4W%23YAG.pdf")
    (tags "Resistor Axial_DIN0309 series Axial Horizontal pin pitch 12.7mm 0.5W = 1/2W length 9mm diameter 3.2mm")
    (path /60A6850D)
    (fp_text reference R5 (at 4.318 0) (layer F.SilkS)
      (effects (font (size 1 1) (thickness 0.15)))
    )
    (fp_text value 150 (at 7.62 0) (layer F.Fab)
      (effects (font (size 1 1) (thickness 0.15)))
    )
    (fp_line (start 13.75 -1.85) (end -1.05 -1.85) (layer F.CrtYd) (width 0.05))
    (fp_line (start 13.75 1.85) (end 13.75 -1.85) (layer F.CrtYd) (width 0.05))
    (fp_line (start -1.05 1.85) (end 13.75 1.85) (layer F.CrtYd) (width 0.05))
    (fp_line (start -1.05 -1.85) (end -1.05 1.85) (layer F.CrtYd) (width 0.05))
    (fp_line (start 11.66 0) (end 10.97 0) (layer F.SilkS) (width 0.12))
    (fp_line (start 1.04 0) (end 1.73 0) (layer F.SilkS) (width 0.12))
    (fp_line (start 10.97 -1.72) (end 1.73 -1.72) (layer F.SilkS) (width 0.12))
    (fp_line (start 10.97 1.72) (end 10.97 -1.72) (layer F.SilkS) (width 0.12))
    (fp_line (start 1.73 1.72) (end 10.97 1.72) (layer F.SilkS) (width 0.12))
    (fp_line (start 1.73 -1.72) (end 1.73 1.72) (layer F.SilkS) (width 0.12))
    (fp_line (start 12.7 0) (end 10.85 0) (layer F.Fab) (width 0.1))
    (fp_line (start 0 0) (end 1.85 0) (layer F.Fab) (width 0.1))
    (fp_line (start 10.85 -1.6) (end 1.85 -1.6) (layer F.Fab) (width 0.1))
    (fp_line (start 10.85 1.6) (end 10.85 -1.6) (layer F.Fab) (width 0.1))
    (fp_line (start 1.85 1.6) (end 10.85 1.6) (layer F.Fab) (width 0.1))
    (fp_line (start 1.85 -1.6) (end 1.85 1.6) (layer F.Fab) (width 0.1))
    (pad 1 thru_hole circle (at 0 0) (size 2.6 2.6) (drill 0.8) (layers *.Cu *.Mask)
      (net 19 "Net-(R5-Pad1)"))
    (pad 2 thru_hole circle (at 12.7 0) (size 2.6 2.6) (drill 0.8) (layers *.Cu *.Mask)
      (net 6 "Net-(D3-Pad2)"))
    (model ${KISYS3DMOD}/Resistor_THT.3dshapes/R_Axial_DIN0309_L9.0mm_D3.2mm_P12.70mm_Horizontal.wrl
      (at (xyz 0 0 0))
      (scale (xyz 1 1 1))
      (rotate (xyz 0 0 0))
    )
  )

  (module Capacitor_THT:C_Rect_L7.2mm_W2.5mm_P5.00mm_FKS2_FKP2_MKS2_MKP2 (layer F.Cu) (tedit 60A50D7C) (tstamp 60A55C9D)
    (at 144.018 102.616 180)
    (descr "C, Rect series, Radial, pin pitch=5.00mm, , length*width=7.2*2.5mm^2, Capacitor, http://www.wima.com/EN/WIMA_FKS_2.pdf")
    (tags "C Rect series Radial pin pitch 5.00mm  length 7.2mm width 2.5mm Capacitor")
    (path /60A4D499)
    (fp_text reference C1 (at 2.54 -2.286) (layer F.SilkS)
      (effects (font (size 1 1) (thickness 0.15)))
    )
    (fp_text value "10nF pol." (at 2.286 -3.556) (layer F.Fab)
      (effects (font (size 1 1) (thickness 0.15)))
    )
    (fp_line (start 6.35 -1.5) (end -1.35 -1.5) (layer F.CrtYd) (width 0.05))
    (fp_line (start 6.35 1.5) (end 6.35 -1.5) (layer F.CrtYd) (width 0.05))
    (fp_line (start -1.35 1.5) (end 6.35 1.5) (layer F.CrtYd) (width 0.05))
    (fp_line (start -1.35 -1.5) (end -1.35 1.5) (layer F.CrtYd) (width 0.05))
    (fp_line (start 6.22 -1.37) (end 6.22 1.37) (layer F.SilkS) (width 0.12))
    (fp_line (start -1.22 -1.37) (end -1.22 1.37) (layer F.SilkS) (width 0.12))
    (fp_line (start -1.22 1.37) (end 6.22 1.37) (layer F.SilkS) (width 0.12))
    (fp_line (start -1.22 -1.37) (end 6.22 -1.37) (layer F.SilkS) (width 0.12))
    (fp_line (start 6.1 -1.25) (end -1.1 -1.25) (layer F.Fab) (width 0.1))
    (fp_line (start 6.1 1.25) (end 6.1 -1.25) (layer F.Fab) (width 0.1))
    (fp_line (start -1.1 1.25) (end 6.1 1.25) (layer F.Fab) (width 0.1))
    (fp_line (start -1.1 -1.25) (end -1.1 1.25) (layer F.Fab) (width 0.1))
    (pad 1 thru_hole circle (at 0 0 180) (size 2.6 2.6) (drill 0.8) (layers *.Cu *.Mask)
      (net 1 "Net-(C1-Pad1)"))
    (pad 2 thru_hole circle (at 5 0 180) (size 2.6 2.6) (drill 0.8) (layers *.Cu *.Mask)
      (net 2 GND))
    (model ${KISYS3DMOD}/Capacitor_THT.3dshapes/C_Rect_L7.2mm_W2.5mm_P5.00mm_FKS2_FKP2_MKS2_MKP2.wrl
      (at (xyz 0 0 0))
      (scale (xyz 1 1 1))
      (rotate (xyz 0 0 0))
    )
  )

  (module Capacitor_THT:C_Radial_D6.3mm_H5.0mm_P2.50mm (layer F.Cu) (tedit 60A509B6) (tstamp 60A55CA7)
    (at 151.13 97.282 270)
    (descr "C, Radial series, Radial, pin pitch=2.50mm, diameter=6.3mm, height=5mm, Non-Polar Electrolytic Capacitor")
    (tags "C Radial series Radial pin pitch 2.50mm diameter 6.3mm height 5mm Non-Polar Electrolytic Capacitor")
    (path /60A57136)
    (fp_text reference C2 (at 1.27 -4.318 180) (layer F.SilkS)
      (effects (font (size 1 1) (thickness 0.15)))
    )
    (fp_text value "10 uF elettr." (at 5.334 -0.254 180) (layer F.Fab)
      (effects (font (size 1 1) (thickness 0.15)))
    )
    (fp_circle (center 1.25 0) (end 4.65 0) (layer F.CrtYd) (width 0.05))
    (fp_circle (center 1.25 0) (end 4.52 0) (layer F.SilkS) (width 0.12))
    (fp_circle (center 1.25 0) (end 4.4 0) (layer F.Fab) (width 0.1))
    (fp_text user %R (at 1.25 0 90) (layer F.Fab)
      (effects (font (size 1 1) (thickness 0.15)))
    )
    (pad 1 thru_hole oval (at 0 0 270) (size 1.6 2.6) (drill 0.8) (layers *.Cu *.Mask)
      (net 3 "Net-(C2-Pad1)"))
    (pad 2 thru_hole oval (at 2.5 0 270) (size 1.6 2.6) (drill 0.8) (layers *.Cu *.Mask)
      (net 2 GND))
    (model ${KISYS3DMOD}/Capacitor_THT.3dshapes/C_Radial_D6.3mm_H5.0mm_P2.50mm.wrl
      (at (xyz 0 0 0))
      (scale (xyz 1 1 1))
      (rotate (xyz 0 0 0))
    )
  )

  (module LED_THT:LED_D3.0mm (layer F.Cu) (tedit 60A50A47) (tstamp 60A55CBA)
    (at 129.54 109.982 90)
    (descr "LED, diameter 3.0mm, 2 pins")
    (tags "LED diameter 3.0mm 2 pins")
    (path /60A4DB0F)
    (fp_text reference D1 (at 0.762 3.302 180) (layer F.SilkS)
      (effects (font (size 1 1) (thickness 0.15)))
    )
    (fp_text value "LED V" (at 2.54 4.572 180) (layer F.Fab)
      (effects (font (size 1 1) (thickness 0.15)))
    )
    (fp_circle (center 1.27 0) (end 2.77 0) (layer F.Fab) (width 0.1))
    (fp_line (start -0.23 -1.16619) (end -0.23 1.16619) (layer F.Fab) (width 0.1))
    (fp_line (start -0.29 -1.236) (end -0.29 -1.08) (layer F.SilkS) (width 0.12))
    (fp_line (start -0.29 1.08) (end -0.29 1.236) (layer F.SilkS) (width 0.12))
    (fp_line (start -1.15 -2.25) (end -1.15 2.25) (layer F.CrtYd) (width 0.05))
    (fp_line (start -1.15 2.25) (end 3.7 2.25) (layer F.CrtYd) (width 0.05))
    (fp_line (start 3.7 2.25) (end 3.7 -2.25) (layer F.CrtYd) (width 0.05))
    (fp_line (start 3.7 -2.25) (end -1.15 -2.25) (layer F.CrtYd) (width 0.05))
    (fp_arc (start 1.27 0) (end 0.229039 1.08) (angle -87.9) (layer F.SilkS) (width 0.12))
    (fp_arc (start 1.27 0) (end 0.229039 -1.08) (angle 87.9) (layer F.SilkS) (width 0.12))
    (fp_arc (start 1.27 0) (end -0.29 1.235516) (angle -108.8) (layer F.SilkS) (width 0.12))
    (fp_arc (start 1.27 0) (end -0.29 -1.235516) (angle 108.8) (layer F.SilkS) (width 0.12))
    (fp_arc (start 1.27 0) (end -0.23 -1.16619) (angle 284.3) (layer F.Fab) (width 0.1))
    (pad 2 thru_hole oval (at 2.54 0 90) (size 1.8 2.6) (drill 0.9) (layers *.Cu *.Mask)
      (net 4 "Net-(D1-Pad2)"))
    (pad 1 thru_hole rect (at 0 0 90) (size 1.8 2.6) (drill 0.9) (layers *.Cu *.Mask)
      (net 2 GND))
    (model ${KISYS3DMOD}/LED_THT.3dshapes/LED_D3.0mm.wrl
      (at (xyz 0 0 0))
      (scale (xyz 1 1 1))
      (rotate (xyz 0 0 0))
    )
  )

  (module LED_THT:LED_D3.0mm (layer F.Cu) (tedit 60A50D1A) (tstamp 60A55CCD)
    (at 179.324 73.914 180)
    (descr "LED, diameter 3.0mm, 2 pins")
    (tags "LED diameter 3.0mm 2 pins")
    (path /60A69A68)
    (fp_text reference D2 (at -2.54 1.778) (layer F.SilkS)
      (effects (font (size 1 1) (thickness 0.15)))
    )
    (fp_text value R (at -2.54 0.254) (layer F.Fab)
      (effects (font (size 1 1) (thickness 0.15)))
    )
    (fp_circle (center 1.27 0) (end 2.77 0) (layer F.Fab) (width 0.1))
    (fp_line (start -0.23 -1.16619) (end -0.23 1.16619) (layer F.Fab) (width 0.1))
    (fp_line (start -0.29 -1.236) (end -0.29 -1.08) (layer F.SilkS) (width 0.12))
    (fp_line (start -0.29 1.08) (end -0.29 1.236) (layer F.SilkS) (width 0.12))
    (fp_line (start -1.15 -2.25) (end -1.15 2.25) (layer F.CrtYd) (width 0.05))
    (fp_line (start -1.15 2.25) (end 3.7 2.25) (layer F.CrtYd) (width 0.05))
    (fp_line (start 3.7 2.25) (end 3.7 -2.25) (layer F.CrtYd) (width 0.05))
    (fp_line (start 3.7 -2.25) (end -1.15 -2.25) (layer F.CrtYd) (width 0.05))
    (fp_arc (start 1.27 0) (end 0.229039 1.08) (angle -87.9) (layer F.SilkS) (width 0.12))
    (fp_arc (start 1.27 0) (end 0.229039 -1.08) (angle 87.9) (layer F.SilkS) (width 0.12))
    (fp_arc (start 1.27 0) (end -0.29 1.235516) (angle -108.8) (layer F.SilkS) (width 0.12))
    (fp_arc (start 1.27 0) (end -0.29 -1.235516) (angle 108.8) (layer F.SilkS) (width 0.12))
    (fp_arc (start 1.27 0) (end -0.23 -1.16619) (angle 284.3) (layer F.Fab) (width 0.1))
    (pad 2 thru_hole oval (at 2.54 0 180) (size 1.8 2.6) (drill 0.9) (layers *.Cu *.Mask)
      (net 5 "Net-(D2-Pad2)"))
    (pad 1 thru_hole rect (at 0 0 180) (size 1.8 2.6) (drill 0.9) (layers *.Cu *.Mask)
      (net 2 GND))
    (model ${KISYS3DMOD}/LED_THT.3dshapes/LED_D3.0mm.wrl
      (at (xyz 0 0 0))
      (scale (xyz 1 1 1))
      (rotate (xyz 0 0 0))
    )
  )

  (module LED_THT:LED_D3.0mm (layer F.Cu) (tedit 60A50E5B) (tstamp 60A55CE0)
    (at 179.324 78.486 180)
    (descr "LED, diameter 3.0mm, 2 pins")
    (tags "LED diameter 3.0mm 2 pins")
    (path /60A6BF55)
    (fp_text reference D3 (at -2.54 1.016) (layer F.SilkS)
      (effects (font (size 1 1) (thickness 0.15)))
    )
    (fp_text value R (at -2.54 -0.508) (layer F.Fab)
      (effects (font (size 1 1) (thickness 0.15)))
    )
    (fp_line (start 3.7 -2.25) (end -1.15 -2.25) (layer F.CrtYd) (width 0.05))
    (fp_line (start 3.7 2.25) (end 3.7 -2.25) (layer F.CrtYd) (width 0.05))
    (fp_line (start -1.15 2.25) (end 3.7 2.25) (layer F.CrtYd) (width 0.05))
    (fp_line (start -1.15 -2.25) (end -1.15 2.25) (layer F.CrtYd) (width 0.05))
    (fp_line (start -0.29 1.08) (end -0.29 1.236) (layer F.SilkS) (width 0.12))
    (fp_line (start -0.29 -1.236) (end -0.29 -1.08) (layer F.SilkS) (width 0.12))
    (fp_line (start -0.23 -1.16619) (end -0.23 1.16619) (layer F.Fab) (width 0.1))
    (fp_circle (center 1.27 0) (end 2.77 0) (layer F.Fab) (width 0.1))
    (fp_arc (start 1.27 0) (end -0.23 -1.16619) (angle 284.3) (layer F.Fab) (width 0.1))
    (fp_arc (start 1.27 0) (end -0.29 -1.235516) (angle 108.8) (layer F.SilkS) (width 0.12))
    (fp_arc (start 1.27 0) (end -0.29 1.235516) (angle -108.8) (layer F.SilkS) (width 0.12))
    (fp_arc (start 1.27 0) (end 0.229039 -1.08) (angle 87.9) (layer F.SilkS) (width 0.12))
    (fp_arc (start 1.27 0) (end 0.229039 1.08) (angle -87.9) (layer F.SilkS) (width 0.12))
    (pad 1 thru_hole rect (at 0 0 180) (size 1.8 2.6) (drill 0.9) (layers *.Cu *.Mask)
      (net 2 GND))
    (pad 2 thru_hole oval (at 2.54 0 180) (size 1.8 2.6) (drill 0.9) (layers *.Cu *.Mask)
      (net 6 "Net-(D3-Pad2)"))
    (model ${KISYS3DMOD}/LED_THT.3dshapes/LED_D3.0mm.wrl
      (at (xyz 0 0 0))
      (scale (xyz 1 1 1))
      (rotate (xyz 0 0 0))
    )
  )

  (module LED_THT:LED_D3.0mm (layer F.Cu) (tedit 60A50E7F) (tstamp 60A55CF3)
    (at 179.324 83.058 180)
    (descr "LED, diameter 3.0mm, 2 pins")
    (tags "LED diameter 3.0mm 2 pins")
    (path /60A6C303)
    (fp_text reference D4 (at -2.54 1.27) (layer F.SilkS)
      (effects (font (size 1 1) (thickness 0.15)))
    )
    (fp_text value R (at -2.54 0) (layer F.Fab)
      (effects (font (size 1 1) (thickness 0.15)))
    )
    (fp_circle (center 1.27 0) (end 2.77 0) (layer F.Fab) (width 0.1))
    (fp_line (start -0.23 -1.16619) (end -0.23 1.16619) (layer F.Fab) (width 0.1))
    (fp_line (start -0.29 -1.236) (end -0.29 -1.08) (layer F.SilkS) (width 0.12))
    (fp_line (start -0.29 1.08) (end -0.29 1.236) (layer F.SilkS) (width 0.12))
    (fp_line (start -1.15 -2.25) (end -1.15 2.25) (layer F.CrtYd) (width 0.05))
    (fp_line (start -1.15 2.25) (end 3.7 2.25) (layer F.CrtYd) (width 0.05))
    (fp_line (start 3.7 2.25) (end 3.7 -2.25) (layer F.CrtYd) (width 0.05))
    (fp_line (start 3.7 -2.25) (end -1.15 -2.25) (layer F.CrtYd) (width 0.05))
    (fp_arc (start 1.27 0) (end 0.229039 1.08) (angle -87.9) (layer F.SilkS) (width 0.12))
    (fp_arc (start 1.27 0) (end 0.229039 -1.08) (angle 87.9) (layer F.SilkS) (width 0.12))
    (fp_arc (start 1.27 0) (end -0.29 1.235516) (angle -108.8) (layer F.SilkS) (width 0.12))
    (fp_arc (start 1.27 0) (end -0.29 -1.235516) (angle 108.8) (layer F.SilkS) (width 0.12))
    (fp_arc (start 1.27 0) (end -0.23 -1.16619) (angle 284.3) (layer F.Fab) (width 0.1))
    (pad 2 thru_hole oval (at 2.54 0 180) (size 1.8 2.6) (drill 0.9) (layers *.Cu *.Mask)
      (net 7 "Net-(D4-Pad2)"))
    (pad 1 thru_hole rect (at 0 0 180) (size 1.8 2.6) (drill 0.9) (layers *.Cu *.Mask)
      (net 2 GND))
    (model ${KISYS3DMOD}/LED_THT.3dshapes/LED_D3.0mm.wrl
      (at (xyz 0 0 0))
      (scale (xyz 1 1 1))
      (rotate (xyz 0 0 0))
    )
  )

  (module LED_THT:LED_D3.0mm (layer F.Cu) (tedit 60A50E9E) (tstamp 60A55D06)
    (at 179.324 87.63 180)
    (descr "LED, diameter 3.0mm, 2 pins")
    (tags "LED diameter 3.0mm 2 pins")
    (path /60A6C624)
    (fp_text reference D5 (at -2.54 1.524) (layer F.SilkS)
      (effects (font (size 1 1) (thickness 0.15)))
    )
    (fp_text value R (at -2.54 0.254) (layer F.Fab)
      (effects (font (size 1 1) (thickness 0.15)))
    )
    (fp_line (start 3.7 -2.25) (end -1.15 -2.25) (layer F.CrtYd) (width 0.05))
    (fp_line (start 3.7 2.25) (end 3.7 -2.25) (layer F.CrtYd) (width 0.05))
    (fp_line (start -1.15 2.25) (end 3.7 2.25) (layer F.CrtYd) (width 0.05))
    (fp_line (start -1.15 -2.25) (end -1.15 2.25) (layer F.CrtYd) (width 0.05))
    (fp_line (start -0.29 1.08) (end -0.29 1.236) (layer F.SilkS) (width 0.12))
    (fp_line (start -0.29 -1.236) (end -0.29 -1.08) (layer F.SilkS) (width 0.12))
    (fp_line (start -0.23 -1.16619) (end -0.23 1.16619) (layer F.Fab) (width 0.1))
    (fp_circle (center 1.27 0) (end 2.77 0) (layer F.Fab) (width 0.1))
    (fp_arc (start 1.27 0) (end -0.23 -1.16619) (angle 284.3) (layer F.Fab) (width 0.1))
    (fp_arc (start 1.27 0) (end -0.29 -1.235516) (angle 108.8) (layer F.SilkS) (width 0.12))
    (fp_arc (start 1.27 0) (end -0.29 1.235516) (angle -108.8) (layer F.SilkS) (width 0.12))
    (fp_arc (start 1.27 0) (end 0.229039 -1.08) (angle 87.9) (layer F.SilkS) (width 0.12))
    (fp_arc (start 1.27 0) (end 0.229039 1.08) (angle -87.9) (layer F.SilkS) (width 0.12))
    (pad 1 thru_hole rect (at 0 0 180) (size 1.8 2.6) (drill 0.9) (layers *.Cu *.Mask)
      (net 2 GND))
    (pad 2 thru_hole oval (at 2.54 0 180) (size 1.8 2.6) (drill 0.9) (layers *.Cu *.Mask)
      (net 8 "Net-(D5-Pad2)"))
    (model ${KISYS3DMOD}/LED_THT.3dshapes/LED_D3.0mm.wrl
      (at (xyz 0 0 0))
      (scale (xyz 1 1 1))
      (rotate (xyz 0 0 0))
    )
  )

  (module LED_THT:LED_D3.0mm (layer F.Cu) (tedit 60A50EB1) (tstamp 60A55D19)
    (at 179.324 92.202 180)
    (descr "LED, diameter 3.0mm, 2 pins")
    (tags "LED diameter 3.0mm 2 pins")
    (path /60A6D61C)
    (fp_text reference D6 (at -2.54 1.016) (layer F.SilkS)
      (effects (font (size 1 1) (thickness 0.15)))
    )
    (fp_text value R (at -2.54 -0.254) (layer F.Fab)
      (effects (font (size 1 1) (thickness 0.15)))
    )
    (fp_circle (center 1.27 0) (end 2.77 0) (layer F.Fab) (width 0.1))
    (fp_line (start -0.23 -1.16619) (end -0.23 1.16619) (layer F.Fab) (width 0.1))
    (fp_line (start -0.29 -1.236) (end -0.29 -1.08) (layer F.SilkS) (width 0.12))
    (fp_line (start -0.29 1.08) (end -0.29 1.236) (layer F.SilkS) (width 0.12))
    (fp_line (start -1.15 -2.25) (end -1.15 2.25) (layer F.CrtYd) (width 0.05))
    (fp_line (start -1.15 2.25) (end 3.7 2.25) (layer F.CrtYd) (width 0.05))
    (fp_line (start 3.7 2.25) (end 3.7 -2.25) (layer F.CrtYd) (width 0.05))
    (fp_line (start 3.7 -2.25) (end -1.15 -2.25) (layer F.CrtYd) (width 0.05))
    (fp_arc (start 1.27 0) (end 0.229039 1.08) (angle -87.9) (layer F.SilkS) (width 0.12))
    (fp_arc (start 1.27 0) (end 0.229039 -1.08) (angle 87.9) (layer F.SilkS) (width 0.12))
    (fp_arc (start 1.27 0) (end -0.29 1.235516) (angle -108.8) (layer F.SilkS) (width 0.12))
    (fp_arc (start 1.27 0) (end -0.29 -1.235516) (angle 108.8) (layer F.SilkS) (width 0.12))
    (fp_arc (start 1.27 0) (end -0.23 -1.16619) (angle 284.3) (layer F.Fab) (width 0.1))
    (pad 2 thru_hole oval (at 2.54 0 180) (size 1.8 2.6) (drill 0.9) (layers *.Cu *.Mask)
      (net 9 "Net-(D6-Pad2)"))
    (pad 1 thru_hole rect (at 0 0 180) (size 1.8 2.6) (drill 0.9) (layers *.Cu *.Mask)
      (net 2 GND))
    (model ${KISYS3DMOD}/LED_THT.3dshapes/LED_D3.0mm.wrl
      (at (xyz 0 0 0))
      (scale (xyz 1 1 1))
      (rotate (xyz 0 0 0))
    )
  )

  (module LED_THT:LED_D3.0mm (layer F.Cu) (tedit 60A50ED5) (tstamp 60A55D2C)
    (at 179.324 96.774 180)
    (descr "LED, diameter 3.0mm, 2 pins")
    (tags "LED diameter 3.0mm 2 pins")
    (path /60A6DAD4)
    (fp_text reference D7 (at -2.54 1.016) (layer F.SilkS)
      (effects (font (size 1 1) (thickness 0.15)))
    )
    (fp_text value R (at -2.54 -0.254) (layer F.Fab)
      (effects (font (size 1 1) (thickness 0.15)))
    )
    (fp_line (start 3.7 -2.25) (end -1.15 -2.25) (layer F.CrtYd) (width 0.05))
    (fp_line (start 3.7 2.25) (end 3.7 -2.25) (layer F.CrtYd) (width 0.05))
    (fp_line (start -1.15 2.25) (end 3.7 2.25) (layer F.CrtYd) (width 0.05))
    (fp_line (start -1.15 -2.25) (end -1.15 2.25) (layer F.CrtYd) (width 0.05))
    (fp_line (start -0.29 1.08) (end -0.29 1.236) (layer F.SilkS) (width 0.12))
    (fp_line (start -0.29 -1.236) (end -0.29 -1.08) (layer F.SilkS) (width 0.12))
    (fp_line (start -0.23 -1.16619) (end -0.23 1.16619) (layer F.Fab) (width 0.1))
    (fp_circle (center 1.27 0) (end 2.77 0) (layer F.Fab) (width 0.1))
    (fp_arc (start 1.27 0) (end -0.23 -1.16619) (angle 284.3) (layer F.Fab) (width 0.1))
    (fp_arc (start 1.27 0) (end -0.29 -1.235516) (angle 108.8) (layer F.SilkS) (width 0.12))
    (fp_arc (start 1.27 0) (end -0.29 1.235516) (angle -108.8) (layer F.SilkS) (width 0.12))
    (fp_arc (start 1.27 0) (end 0.229039 -1.08) (angle 87.9) (layer F.SilkS) (width 0.12))
    (fp_arc (start 1.27 0) (end 0.229039 1.08) (angle -87.9) (layer F.SilkS) (width 0.12))
    (pad 1 thru_hole rect (at 0 0 180) (size 1.8 2.6) (drill 0.9) (layers *.Cu *.Mask)
      (net 2 GND))
    (pad 2 thru_hole oval (at 2.54 0 180) (size 1.8 2.6) (drill 0.9) (layers *.Cu *.Mask)
      (net 10 "Net-(D7-Pad2)"))
    (model ${KISYS3DMOD}/LED_THT.3dshapes/LED_D3.0mm.wrl
      (at (xyz 0 0 0))
      (scale (xyz 1 1 1))
      (rotate (xyz 0 0 0))
    )
  )

  (module LED_THT:LED_D3.0mm (layer F.Cu) (tedit 60A50EF4) (tstamp 60A55D3F)
    (at 179.324 101.346 180)
    (descr "LED, diameter 3.0mm, 2 pins")
    (tags "LED diameter 3.0mm 2 pins")
    (path /60A6DFE4)
    (fp_text reference D8 (at -2.54 1.27) (layer F.SilkS)
      (effects (font (size 1 1) (thickness 0.15)))
    )
    (fp_text value R (at -2.54 0) (layer F.Fab)
      (effects (font (size 1 1) (thickness 0.15)))
    )
    (fp_circle (center 1.27 0) (end 2.77 0) (layer F.Fab) (width 0.1))
    (fp_line (start -0.23 -1.16619) (end -0.23 1.16619) (layer F.Fab) (width 0.1))
    (fp_line (start -0.29 -1.236) (end -0.29 -1.08) (layer F.SilkS) (width 0.12))
    (fp_line (start -0.29 1.08) (end -0.29 1.236) (layer F.SilkS) (width 0.12))
    (fp_line (start -1.15 -2.25) (end -1.15 2.25) (layer F.CrtYd) (width 0.05))
    (fp_line (start -1.15 2.25) (end 3.7 2.25) (layer F.CrtYd) (width 0.05))
    (fp_line (start 3.7 2.25) (end 3.7 -2.25) (layer F.CrtYd) (width 0.05))
    (fp_line (start 3.7 -2.25) (end -1.15 -2.25) (layer F.CrtYd) (width 0.05))
    (fp_arc (start 1.27 0) (end 0.229039 1.08) (angle -87.9) (layer F.SilkS) (width 0.12))
    (fp_arc (start 1.27 0) (end 0.229039 -1.08) (angle 87.9) (layer F.SilkS) (width 0.12))
    (fp_arc (start 1.27 0) (end -0.29 1.235516) (angle -108.8) (layer F.SilkS) (width 0.12))
    (fp_arc (start 1.27 0) (end -0.29 -1.235516) (angle 108.8) (layer F.SilkS) (width 0.12))
    (fp_arc (start 1.27 0) (end -0.23 -1.16619) (angle 284.3) (layer F.Fab) (width 0.1))
    (pad 2 thru_hole oval (at 2.54 0 180) (size 1.8 2.6) (drill 0.9) (layers *.Cu *.Mask)
      (net 11 "Net-(D8-Pad2)"))
    (pad 1 thru_hole rect (at 0 0 180) (size 1.8 2.6) (drill 0.9) (layers *.Cu *.Mask)
      (net 2 GND))
    (model ${KISYS3DMOD}/LED_THT.3dshapes/LED_D3.0mm.wrl
      (at (xyz 0 0 0))
      (scale (xyz 1 1 1))
      (rotate (xyz 0 0 0))
    )
  )

  (module LED_THT:LED_D3.0mm (layer F.Cu) (tedit 60A50F0E) (tstamp 60A55D52)
    (at 179.324 105.918 180)
    (descr "LED, diameter 3.0mm, 2 pins")
    (tags "LED diameter 3.0mm 2 pins")
    (path /60A6E6FD)
    (fp_text reference D9 (at -2.54 1.27) (layer F.SilkS)
      (effects (font (size 1 1) (thickness 0.15)))
    )
    (fp_text value R (at -2.54 0) (layer F.Fab)
      (effects (font (size 1 1) (thickness 0.15)))
    )
    (fp_line (start 3.7 -2.25) (end -1.15 -2.25) (layer F.CrtYd) (width 0.05))
    (fp_line (start 3.7 2.25) (end 3.7 -2.25) (layer F.CrtYd) (width 0.05))
    (fp_line (start -1.15 2.25) (end 3.7 2.25) (layer F.CrtYd) (width 0.05))
    (fp_line (start -1.15 -2.25) (end -1.15 2.25) (layer F.CrtYd) (width 0.05))
    (fp_line (start -0.29 1.08) (end -0.29 1.236) (layer F.SilkS) (width 0.12))
    (fp_line (start -0.29 -1.236) (end -0.29 -1.08) (layer F.SilkS) (width 0.12))
    (fp_line (start -0.23 -1.16619) (end -0.23 1.16619) (layer F.Fab) (width 0.1))
    (fp_circle (center 1.27 0) (end 2.77 0) (layer F.Fab) (width 0.1))
    (fp_arc (start 1.27 0) (end -0.23 -1.16619) (angle 284.3) (layer F.Fab) (width 0.1))
    (fp_arc (start 1.27 0) (end -0.29 -1.235516) (angle 108.8) (layer F.SilkS) (width 0.12))
    (fp_arc (start 1.27 0) (end -0.29 1.235516) (angle -108.8) (layer F.SilkS) (width 0.12))
    (fp_arc (start 1.27 0) (end 0.229039 -1.08) (angle 87.9) (layer F.SilkS) (width 0.12))
    (fp_arc (start 1.27 0) (end 0.229039 1.08) (angle -87.9) (layer F.SilkS) (width 0.12))
    (pad 1 thru_hole rect (at 0 0 180) (size 1.8 2.6) (drill 0.9) (layers *.Cu *.Mask)
      (net 2 GND))
    (pad 2 thru_hole oval (at 2.54 0 180) (size 1.8 2.6) (drill 0.9) (layers *.Cu *.Mask)
      (net 12 "Net-(D9-Pad2)"))
    (model ${KISYS3DMOD}/LED_THT.3dshapes/LED_D3.0mm.wrl
      (at (xyz 0 0 0))
      (scale (xyz 1 1 1))
      (rotate (xyz 0 0 0))
    )
  )

  (module LED_THT:LED_D3.0mm (layer F.Cu) (tedit 60A5101C) (tstamp 60A55D65)
    (at 179.324 110.49 180)
    (descr "LED, diameter 3.0mm, 2 pins")
    (tags "LED diameter 3.0mm 2 pins")
    (path /60A763A1)
    (fp_text reference D10 (at -2.794 1.524) (layer F.SilkS)
      (effects (font (size 1 1) (thickness 0.15)))
    )
    (fp_text value R (at -2.54 0) (layer F.Fab)
      (effects (font (size 1 1) (thickness 0.15)))
    )
    (fp_circle (center 1.27 0) (end 2.77 0) (layer F.Fab) (width 0.1))
    (fp_line (start -0.23 -1.16619) (end -0.23 1.16619) (layer F.Fab) (width 0.1))
    (fp_line (start -0.29 -1.236) (end -0.29 -1.08) (layer F.SilkS) (width 0.12))
    (fp_line (start -0.29 1.08) (end -0.29 1.236) (layer F.SilkS) (width 0.12))
    (fp_line (start -1.15 -2.25) (end -1.15 2.25) (layer F.CrtYd) (width 0.05))
    (fp_line (start -1.15 2.25) (end 3.7 2.25) (layer F.CrtYd) (width 0.05))
    (fp_line (start 3.7 2.25) (end 3.7 -2.25) (layer F.CrtYd) (width 0.05))
    (fp_line (start 3.7 -2.25) (end -1.15 -2.25) (layer F.CrtYd) (width 0.05))
    (fp_arc (start 1.27 0) (end 0.229039 1.08) (angle -87.9) (layer F.SilkS) (width 0.12))
    (fp_arc (start 1.27 0) (end 0.229039 -1.08) (angle 87.9) (layer F.SilkS) (width 0.12))
    (fp_arc (start 1.27 0) (end -0.29 1.235516) (angle -108.8) (layer F.SilkS) (width 0.12))
    (fp_arc (start 1.27 0) (end -0.29 -1.235516) (angle 108.8) (layer F.SilkS) (width 0.12))
    (fp_arc (start 1.27 0) (end -0.23 -1.16619) (angle 284.3) (layer F.Fab) (width 0.1))
    (pad 2 thru_hole oval (at 2.54 0 180) (size 1.8 2.6) (drill 0.9) (layers *.Cu *.Mask)
      (net 13 "Net-(D10-Pad2)"))
    (pad 1 thru_hole rect (at 0 0 180) (size 1.8 2.6) (drill 0.9) (layers *.Cu *.Mask)
      (net 2 GND))
    (model ${KISYS3DMOD}/LED_THT.3dshapes/LED_D3.0mm.wrl
      (at (xyz 0 0 0))
      (scale (xyz 1 1 1))
      (rotate (xyz 0 0 0))
    )
  )

  (module LED_THT:LED_D3.0mm (layer F.Cu) (tedit 60A51039) (tstamp 60A55D78)
    (at 179.324 115.062 180)
    (descr "LED, diameter 3.0mm, 2 pins")
    (tags "LED diameter 3.0mm 2 pins")
    (path /60A769B3)
    (fp_text reference D11 (at -2.794 1.016) (layer F.SilkS)
      (effects (font (size 1 1) (thickness 0.15)))
    )
    (fp_text value R (at -2.54 -0.508) (layer F.Fab)
      (effects (font (size 1 1) (thickness 0.15)))
    )
    (fp_line (start 3.7 -2.25) (end -1.15 -2.25) (layer F.CrtYd) (width 0.05))
    (fp_line (start 3.7 2.25) (end 3.7 -2.25) (layer F.CrtYd) (width 0.05))
    (fp_line (start -1.15 2.25) (end 3.7 2.25) (layer F.CrtYd) (width 0.05))
    (fp_line (start -1.15 -2.25) (end -1.15 2.25) (layer F.CrtYd) (width 0.05))
    (fp_line (start -0.29 1.08) (end -0.29 1.236) (layer F.SilkS) (width 0.12))
    (fp_line (start -0.29 -1.236) (end -0.29 -1.08) (layer F.SilkS) (width 0.12))
    (fp_line (start -0.23 -1.16619) (end -0.23 1.16619) (layer F.Fab) (width 0.1))
    (fp_circle (center 1.27 0) (end 2.77 0) (layer F.Fab) (width 0.1))
    (fp_arc (start 1.27 0) (end -0.23 -1.16619) (angle 284.3) (layer F.Fab) (width 0.1))
    (fp_arc (start 1.27 0) (end -0.29 -1.235516) (angle 108.8) (layer F.SilkS) (width 0.12))
    (fp_arc (start 1.27 0) (end -0.29 1.235516) (angle -108.8) (layer F.SilkS) (width 0.12))
    (fp_arc (start 1.27 0) (end 0.229039 -1.08) (angle 87.9) (layer F.SilkS) (width 0.12))
    (fp_arc (start 1.27 0) (end 0.229039 1.08) (angle -87.9) (layer F.SilkS) (width 0.12))
    (pad 1 thru_hole rect (at 0 0 180) (size 1.8 2.6) (drill 0.9) (layers *.Cu *.Mask)
      (net 2 GND))
    (pad 2 thru_hole oval (at 2.54 0 180) (size 1.8 2.6) (drill 0.9) (layers *.Cu *.Mask)
      (net 14 "Net-(D11-Pad2)"))
    (model ${KISYS3DMOD}/LED_THT.3dshapes/LED_D3.0mm.wrl
      (at (xyz 0 0 0))
      (scale (xyz 1 1 1))
      (rotate (xyz 0 0 0))
    )
  )

  (module Connector_Phoenix_MSTB:PhoenixContact_MSTBA_2,5_2-G-5,08_1x02_P5.08mm_Horizontal (layer F.Cu) (tedit 5B785047) (tstamp 60A576FA)
    (at 135.382 77.978 270)
    (descr "Generic Phoenix Contact connector footprint for: MSTBA_2,5/2-G-5,08; number of pins: 02; pin pitch: 5.08mm; Angled || order number: 1757242 12A || order number: 1923869 16A (HC)")
    (tags "phoenix_contact connector MSTBA_01x02_G_5.08mm")
    (path /60A507E2)
    (fp_text reference J1 (at 2.54 5.08 90) (layer F.SilkS)
      (effects (font (size 1 1) (thickness 0.15)))
    )
    (fp_text value Conn_01x02_Male (at 2.54 11.2 90) (layer F.Fab)
      (effects (font (size 1 1) (thickness 0.15)))
    )
    (fp_line (start 0 -0.5) (end -0.95 -2) (layer F.Fab) (width 0.1))
    (fp_line (start 0.95 -2) (end 0 -0.5) (layer F.Fab) (width 0.1))
    (fp_line (start -0.3 -2.91) (end 0.3 -2.91) (layer F.SilkS) (width 0.12))
    (fp_line (start 0 -2.31) (end -0.3 -2.91) (layer F.SilkS) (width 0.12))
    (fp_line (start 0.3 -2.91) (end 0 -2.31) (layer F.SilkS) (width 0.12))
    (fp_line (start 9.12 -2.5) (end -4.04 -2.5) (layer F.CrtYd) (width 0.05))
    (fp_line (start 9.12 10.5) (end 9.12 -2.5) (layer F.CrtYd) (width 0.05))
    (fp_line (start -4.04 10.5) (end 9.12 10.5) (layer F.CrtYd) (width 0.05))
    (fp_line (start -4.04 -2.5) (end -4.04 10.5) (layer F.CrtYd) (width 0.05))
    (fp_line (start 4.33 8.61) (end 4.08 10.11) (layer F.SilkS) (width 0.12))
    (fp_line (start 5.83 8.61) (end 4.33 8.61) (layer F.SilkS) (width 0.12))
    (fp_line (start 6.08 10.11) (end 5.83 8.61) (layer F.SilkS) (width 0.12))
    (fp_line (start 4.08 10.11) (end 6.08 10.11) (layer F.SilkS) (width 0.12))
    (fp_line (start -0.75 8.61) (end -1 10.11) (layer F.SilkS) (width 0.12))
    (fp_line (start 0.75 8.61) (end -0.75 8.61) (layer F.SilkS) (width 0.12))
    (fp_line (start 1 10.11) (end 0.75 8.61) (layer F.SilkS) (width 0.12))
    (fp_line (start -1 10.11) (end 1 10.11) (layer F.SilkS) (width 0.12))
    (fp_line (start 8.73 8.61) (end -3.65 8.61) (layer F.SilkS) (width 0.12))
    (fp_line (start 8.73 6.81) (end 8.73 8.61) (layer F.SilkS) (width 0.12))
    (fp_line (start -3.65 6.81) (end 8.73 6.81) (layer F.SilkS) (width 0.12))
    (fp_line (start -3.65 8.61) (end -3.65 6.81) (layer F.SilkS) (width 0.12))
    (fp_line (start 8.62 -2) (end -3.54 -2) (layer F.Fab) (width 0.1))
    (fp_line (start 8.62 10) (end 8.62 -2) (layer F.Fab) (width 0.1))
    (fp_line (start -3.54 10) (end 8.62 10) (layer F.Fab) (width 0.1))
    (fp_line (start -3.54 -2) (end -3.54 10) (layer F.Fab) (width 0.1))
    (fp_line (start 8.73 -2.11) (end -3.65 -2.11) (layer F.SilkS) (width 0.12))
    (fp_line (start 8.73 10.11) (end 8.73 -2.11) (layer F.SilkS) (width 0.12))
    (fp_line (start -3.65 10.11) (end 8.73 10.11) (layer F.SilkS) (width 0.12))
    (fp_line (start -3.65 -2.11) (end -3.65 10.11) (layer F.SilkS) (width 0.12))
    (pad 1 thru_hole roundrect (at 0 0 270) (size 2.08 3.6) (drill 1.4) (layers *.Cu *.Mask) (roundrect_rratio 0.120192)
      (net 2 GND))
    (pad 2 thru_hole oval (at 5.08 0 270) (size 2.08 3.6) (drill 1.4) (layers *.Cu *.Mask)
      (net 15 VCC))
    (model ${KISYS3DMOD}/Connector_Phoenix_MSTB.3dshapes/PhoenixContact_MSTBA_2,5_2-G-5,08_1x02_P5.08mm_Horizontal.wrl
      (at (xyz 0 0 0))
      (scale (xyz 1 1 1))
      (rotate (xyz 0 0 0))
    )
  )

  (module Resistor_THT:R_Axial_DIN0309_L9.0mm_D3.2mm_P12.70mm_Horizontal (layer F.Cu) (tedit 60A5068A) (tstamp 60A55DB3)
    (at 143.002 83.058 90)
    (descr "Resistor, Axial_DIN0309 series, Axial, Horizontal, pin pitch=12.7mm, 0.5W = 1/2W, length*diameter=9*3.2mm^2, http://cdn-reichelt.de/documents/datenblatt/B400/1_4W%23YAG.pdf")
    (tags "Resistor Axial_DIN0309 series Axial Horizontal pin pitch 12.7mm 0.5W = 1/2W length 9mm diameter 3.2mm")
    (path /60A64BD3)
    (fp_text reference R1 (at 4.318 0 90) (layer F.SilkS)
      (effects (font (size 1 1) (thickness 0.15)))
    )
    (fp_text value 10K (at 8.128 0 90) (layer F.Fab)
      (effects (font (size 1 1) (thickness 0.15)))
    )
    (fp_line (start 13.75 -1.85) (end -1.05 -1.85) (layer F.CrtYd) (width 0.05))
    (fp_line (start 13.75 1.85) (end 13.75 -1.85) (layer F.CrtYd) (width 0.05))
    (fp_line (start -1.05 1.85) (end 13.75 1.85) (layer F.CrtYd) (width 0.05))
    (fp_line (start -1.05 -1.85) (end -1.05 1.85) (layer F.CrtYd) (width 0.05))
    (fp_line (start 11.66 0) (end 10.97 0) (layer F.SilkS) (width 0.12))
    (fp_line (start 1.04 0) (end 1.73 0) (layer F.SilkS) (width 0.12))
    (fp_line (start 10.97 -1.72) (end 1.73 -1.72) (layer F.SilkS) (width 0.12))
    (fp_line (start 10.97 1.72) (end 10.97 -1.72) (layer F.SilkS) (width 0.12))
    (fp_line (start 1.73 1.72) (end 10.97 1.72) (layer F.SilkS) (width 0.12))
    (fp_line (start 1.73 -1.72) (end 1.73 1.72) (layer F.SilkS) (width 0.12))
    (fp_line (start 12.7 0) (end 10.85 0) (layer F.Fab) (width 0.1))
    (fp_line (start 0 0) (end 1.85 0) (layer F.Fab) (width 0.1))
    (fp_line (start 10.85 -1.6) (end 1.85 -1.6) (layer F.Fab) (width 0.1))
    (fp_line (start 10.85 1.6) (end 10.85 -1.6) (layer F.Fab) (width 0.1))
    (fp_line (start 1.85 1.6) (end 10.85 1.6) (layer F.Fab) (width 0.1))
    (fp_line (start 1.85 -1.6) (end 1.85 1.6) (layer F.Fab) (width 0.1))
    (pad 1 thru_hole circle (at 0 0 90) (size 2.6 2.6) (drill 0.8) (layers *.Cu *.Mask)
      (net 15 VCC))
    (pad 2 thru_hole circle (at 12.7 0 90) (size 2.6 2.6) (drill 0.8) (layers *.Cu *.Mask)
      (net 16 "Net-(R1-Pad2)"))
    (model ${KISYS3DMOD}/Resistor_THT.3dshapes/R_Axial_DIN0309_L9.0mm_D3.2mm_P12.70mm_Horizontal.wrl
      (at (xyz 0 0 0))
      (scale (xyz 1 1 1))
      (rotate (xyz 0 0 0))
    )
  )

  (module Potentiometer_THT:Potentiometer_Vishay_T73YP_Vertical (layer F.Cu) (tedit 60A50838) (tstamp 60A55DD6)
    (at 153.67 76.962 90)
    (descr "Potentiometer, vertical, Vishay T73YP, http://www.vishay.com/docs/51016/t73.pdf")
    (tags "Potentiometer vertical Vishay T73YP")
    (path /60A5F03D)
    (fp_text reference R2 (at -2.794 -2.54 180) (layer F.SilkS)
      (effects (font (size 1 1) (thickness 0.15)))
    )
    (fp_text value R_POT_10K (at -0.06 2.01 90) (layer F.Fab)
      (effects (font (size 1 1) (thickness 0.15)))
    )
    (fp_line (start 3.7 -6.1) (end -3.85 -6.1) (layer F.CrtYd) (width 0.05))
    (fp_line (start 3.7 1.05) (end 3.7 -6.1) (layer F.CrtYd) (width 0.05))
    (fp_line (start -3.85 1.05) (end 3.7 1.05) (layer F.CrtYd) (width 0.05))
    (fp_line (start -3.85 -6.1) (end -3.85 1.05) (layer F.CrtYd) (width 0.05))
    (fp_line (start 3.56 -5.96) (end 3.56 0.88) (layer F.SilkS) (width 0.12))
    (fp_line (start -3.68 -5.96) (end -3.68 0.88) (layer F.SilkS) (width 0.12))
    (fp_line (start 0.65 0.88) (end 3.56 0.88) (layer F.SilkS) (width 0.12))
    (fp_line (start -3.68 0.88) (end -0.65 0.88) (layer F.SilkS) (width 0.12))
    (fp_line (start 0.65 -5.96) (end 3.56 -5.96) (layer F.SilkS) (width 0.12))
    (fp_line (start -3.68 -5.96) (end -0.65 -5.96) (layer F.SilkS) (width 0.12))
    (fp_line (start -0.961 -2.464) (end -0.961 -2.616) (layer F.Fab) (width 0.1))
    (fp_line (start 0.164 -2.464) (end -0.961 -2.464) (layer F.Fab) (width 0.1))
    (fp_line (start 0.164 -1.339) (end 0.164 -2.464) (layer F.Fab) (width 0.1))
    (fp_line (start 0.316 -1.339) (end 0.164 -1.339) (layer F.Fab) (width 0.1))
    (fp_line (start 0.316 -2.464) (end 0.316 -1.339) (layer F.Fab) (width 0.1))
    (fp_line (start 1.441 -2.464) (end 0.316 -2.464) (layer F.Fab) (width 0.1))
    (fp_line (start 1.441 -2.616) (end 1.441 -2.464) (layer F.Fab) (width 0.1))
    (fp_line (start 0.316 -2.616) (end 1.441 -2.616) (layer F.Fab) (width 0.1))
    (fp_line (start 0.316 -3.741) (end 0.316 -2.616) (layer F.Fab) (width 0.1))
    (fp_line (start 0.164 -3.741) (end 0.316 -3.741) (layer F.Fab) (width 0.1))
    (fp_line (start 0.164 -2.616) (end 0.164 -3.741) (layer F.Fab) (width 0.1))
    (fp_line (start -0.961 -2.616) (end 0.164 -2.616) (layer F.Fab) (width 0.1))
    (fp_line (start 3.44 -5.84) (end -3.56 -5.84) (layer F.Fab) (width 0.1))
    (fp_line (start 3.44 0.76) (end 3.44 -5.84) (layer F.Fab) (width 0.1))
    (fp_line (start -3.56 0.76) (end 3.44 0.76) (layer F.Fab) (width 0.1))
    (fp_line (start -3.56 -5.84) (end -3.56 0.76) (layer F.Fab) (width 0.1))
    (fp_circle (center 0.24 -2.54) (end 1.74 -2.54) (layer F.Fab) (width 0.1))
    (pad 3 thru_hole rect (at 0 -5.08 90) (size 2.6 1.5) (drill 0.8) (layers *.Cu *.Mask)
      (net 16 "Net-(R1-Pad2)"))
    (pad 2 thru_hole rect (at 2.54 -2.54 90) (size 2.6 1.5) (drill 0.8) (layers *.Cu *.Mask)
      (net 16 "Net-(R1-Pad2)"))
    (pad 1 thru_hole rect (at 0 0 90) (size 2.6 1.5) (drill 0.8) (layers *.Cu *.Mask)
      (net 3 "Net-(C2-Pad1)"))
    (model ${KISYS3DMOD}/Potentiometer_THT.3dshapes/Potentiometer_Vishay_T73YP_Vertical.wrl
      (at (xyz 0 0 0))
      (scale (xyz 1 1 1))
      (rotate (xyz 0 0 0))
    )
  )

  (module Resistor_THT:R_Axial_DIN0309_L9.0mm_D3.2mm_P12.70mm_Horizontal (layer F.Cu) (tedit 60A508CB) (tstamp 60A55DED)
    (at 129.54 103.378 90)
    (descr "Resistor, Axial_DIN0309 series, Axial, Horizontal, pin pitch=12.7mm, 0.5W = 1/2W, length*diameter=9*3.2mm^2, http://cdn-reichelt.de/documents/datenblatt/B400/1_4W%23YAG.pdf")
    (tags "Resistor Axial_DIN0309 series Axial Horizontal pin pitch 12.7mm 0.5W = 1/2W length 9mm diameter 3.2mm")
    (path /60A4B12C)
    (fp_text reference R3 (at 4.826 0 90) (layer F.SilkS)
      (effects (font (size 1 1) (thickness 0.15)))
    )
    (fp_text value 1K (at 8.128 0 90) (layer F.Fab)
      (effects (font (size 1 1) (thickness 0.15)))
    )
    (fp_line (start 13.75 -1.85) (end -1.05 -1.85) (layer F.CrtYd) (width 0.05))
